## bank test, three_first: n per group h1=250, correct=19, shortcut=107, other_wrong=42

## j-lens: band-mean target minus decoy [95% CI]; early 8..20, mid 24..52
         start          h1 n=250 | early +0.04[-0.10,+0.18]  mid -0.03[-0.16,+0.12]
         start     correct n= 19 | early +0.20[-0.52,+1.08]  mid +0.06[-0.53,+0.65]
         start    shortcut n=107 | early +0.05[-0.24,+0.32]  mid -0.08[-0.33,+0.15]
         start other_wrong n= 42 | early -0.06[-0.61,+0.42]  mid -0.19[-0.54,+0.18]
         stir1          h1 n=250 | early -0.06[-0.24,+0.12]  mid +0.20[+0.03,+0.35]
         stir1     correct n= 19 | early -0.04[-0.73,+0.64]  mid +0.38[-0.19,+1.00]
         stir1    shortcut n=107 | early +0.32[+0.06,+0.57]  mid +0.24[-0.01,+0.52]
         stir1 other_wrong n= 42 | early -0.24[-0.61,+0.14]  mid -0.12[-0.55,+0.36]
         stir2     correct n= 19 | early -0.06[-0.54,+0.46]  mid +0.26[-0.36,+0.93]
         stir2    shortcut n=107 | early +0.15[-0.12,+0.42]  mid +0.07[-0.19,+0.37]
         stir2 other_wrong n= 42 | early -0.18[-0.65,+0.23]  mid -0.05[-0.46,+0.34]
  question_end          h1 n=250 | early -0.11[-0.27,+0.05]  mid +0.35[+0.26,+0.43]
  question_end     correct n= 19 | early -0.06[-0.72,+0.59]  mid +0.04[-0.37,+0.42]
  question_end    shortcut n=107 | early +0.07[-0.17,+0.32]  mid +0.09[-0.07,+0.25]
  question_end other_wrong n= 42 | early +0.07[-0.37,+0.53]  mid +0.13[-0.13,+0.41]
         final          h1 n=250 | early -0.11[-0.33,+0.09]  mid +0.78[+0.71,+0.86]
         final     correct n= 19 | early -0.54[-1.42,+0.31]  mid +0.00[-0.24,+0.26]
         final    shortcut n=107 | early -0.01[-0.35,+0.29]  mid +0.05[-0.05,+0.15]
         final other_wrong n= 42 | early +0.08[-0.51,+0.68]  mid +0.12[-0.01,+0.25]

## r-lens: band-mean target minus decoy [95% CI]; early 8..20, mid 24..52
         start          h1 n=250 | early +0.07[-0.08,+0.21]  mid -0.04[-0.18,+0.11]
         start     correct n= 19 | early -0.03[-0.67,+0.67]  mid -0.07[-0.71,+0.55]
         start    shortcut n=107 | early +0.05[-0.18,+0.28]  mid +0.01[-0.23,+0.24]
         start other_wrong n= 42 | early -0.35[-0.75,+0.07]  mid -0.36[-0.74,-0.01]
         stir1          h1 n=250 | early -0.01[-0.18,+0.15]  mid +0.21[+0.05,+0.37]
         stir1     correct n= 19 | early +0.18[-0.42,+0.84]  mid +0.48[-0.14,+1.14]
         stir1    shortcut n=107 | early +0.13[-0.13,+0.41]  mid +0.25[-0.01,+0.52]
         stir1 other_wrong n= 42 | early -0.47[-0.89,-0.03]  mid -0.20[-0.71,+0.28]
         stir2     correct n= 19 | early +0.28[-0.44,+0.96]  mid +0.37[-0.19,+1.00]
         stir2    shortcut n=107 | early +0.12[-0.14,+0.37]  mid +0.11[-0.18,+0.37]
         stir2 other_wrong n= 42 | early -0.24[-0.65,+0.20]  mid -0.06[-0.47,+0.29]
  question_end          h1 n=250 | early +0.00[-0.09,+0.10]  mid +0.38[+0.31,+0.46]
  question_end     correct n= 19 | early -0.02[-0.36,+0.30]  mid +0.01[-0.22,+0.24]
  question_end    shortcut n=107 | early -0.08[-0.22,+0.07]  mid +0.14[+0.01,+0.28]
  question_end other_wrong n= 42 | early +0.02[-0.29,+0.31]  mid +0.04[-0.18,+0.23]
         final          h1 n=250 | early -0.00[-0.14,+0.13]  mid +0.77[+0.69,+0.86]
         final     correct n= 19 | early -0.17[-0.76,+0.45]  mid +0.10[-0.24,+0.46]
         final    shortcut n=107 | early -0.15[-0.37,+0.06]  mid +0.11[-0.01,+0.24]
         final other_wrong n= 42 | early -0.04[-0.39,+0.33]  mid -0.00[-0.21,+0.22]

## jpp: band-mean target minus decoy [95% CI]; early 8..20, mid 24..52
         start          h1 n=250 | early -0.10[-0.35,+0.13]  mid -0.12[-0.30,+0.05]
         start     correct n= 19 | early -0.04[-1.10,+1.01]  mid -0.28[-1.02,+0.37]
         start    shortcut n=107 | early +0.17[-0.19,+0.50]  mid +0.02[-0.25,+0.28]
         start other_wrong n= 42 | early -0.42[-1.00,+0.18]  mid -0.49[-0.91,-0.04]
         stir1          h1 n=250 | early +0.00[-0.27,+0.30]  mid +0.30[+0.06,+0.54]
         stir1     correct n= 19 | early +1.13[+0.24,+2.13]  mid +0.72[-0.13,+1.45]
         stir1    shortcut n=107 | early -0.18[-0.68,+0.36]  mid +0.19[-0.23,+0.61]
         stir1 other_wrong n= 42 | early -0.67[-1.72,+0.37]  mid -0.36[-1.14,+0.38]
         stir2     correct n= 19 | early +0.98[-0.20,+2.16]  mid +0.57[-0.18,+1.48]
         stir2    shortcut n=107 | early -0.10[-0.60,+0.35]  mid +0.06[-0.30,+0.41]
         stir2 other_wrong n= 42 | early -0.40[-1.20,+0.35]  mid -0.12[-0.74,+0.45]
  question_end          h1 n=250 | early +0.02[-0.22,+0.24]  mid +0.46[+0.35,+0.56]
  question_end     correct n= 19 | early +0.84[+0.03,+1.65]  mid +0.18[-0.25,+0.56]
  question_end    shortcut n=107 | early -0.48[-0.91,-0.09]  mid +0.07[-0.11,+0.27]
  question_end other_wrong n= 42 | early -0.12[-0.72,+0.42]  mid -0.00[-0.32,+0.31]
         final          h1 n=250 | early -0.06[-0.33,+0.22]  mid +0.96[+0.82,+1.12]
         final     correct n= 19 | early +0.41[-0.64,+1.54]  mid +0.23[-0.41,+0.90]
         final    shortcut n=107 | early -0.42[-0.95,+0.11]  mid +0.10[-0.09,+0.28]
         final other_wrong n= 42 | early -0.11[-0.83,+0.62]  mid -0.05[-0.37,+0.24]

## j-lens: per-layer target minus decoy [95% CI], layers [8, 12, 16, 20, 24, 28, 32, 36, 40, 44, 48, 52, 56, 60]
         start          h1 | +0.09[-0.09,+0.28] +0.04[-0.13,+0.19] +0.05[-0.13,+0.24] +0.11[-0.05,+0.29] +0.12[-0.06,+0.31] +0.13[-0.05,+0.31] +0.02[-0.14,+0.19] -0.04[-0.21,+0.14] -0.14[-0.30,+0.02] -0.12[-0.26,+0.02] -0.06[-0.21,+0.09] -0.14[-0.34,+0.06] -0.29[-0.53,-0.05] -0.77[-1.11,-0.39]
         start     correct | +0.63[-0.43,+1.75] +0.35[-0.44,+1.16] -0.16[-0.90,+0.60] +0.33[-0.55,+1.27] +0.13[-0.64,+0.95] -0.00[-0.63,+0.58] +0.17[-0.40,+0.79] +0.20[-0.57,+0.94] +0.10[-0.59,+0.84] +0.12[-0.39,+0.65] -0.19[-0.82,+0.40] -0.22[-0.95,+0.51] -0.31[-0.99,+0.46] -0.32[-1.40,+0.61]
         start    shortcut | +0.11[-0.26,+0.45] +0.01[-0.27,+0.33] +0.06[-0.25,+0.39] -0.11[-0.41,+0.19] -0.05[-0.33,+0.23] -0.00[-0.28,+0.27] -0.06[-0.38,+0.24] -0.15[-0.51,+0.20] -0.12[-0.45,+0.24] -0.09[-0.33,+0.17] -0.13[-0.40,+0.17] -0.14[-0.52,+0.23] -0.08[-0.54,+0.37] -0.25[-0.82,+0.33]
         start other_wrong | -0.04[-0.77,+0.62] -0.10[-0.64,+0.47] -0.03[-0.58,+0.52] +0.06[-0.35,+0.53] -0.08[-0.52,+0.38] -0.14[-0.59,+0.29] -0.19[-0.58,+0.20] -0.21[-0.64,+0.26] -0.36[-0.75,+0.06] -0.24[-0.59,+0.12] -0.14[-0.49,+0.24] -0.20[-0.74,+0.31] -0.61[-1.26,+0.03] -1.33[-2.22,-0.42]
         stir1          h1 | -0.03[-0.24,+0.18] -0.06[-0.26,+0.13] -0.05[-0.25,+0.15] -0.02[-0.18,+0.14] +0.04[-0.15,+0.22] +0.08[-0.13,+0.31] +0.10[-0.09,+0.30] +0.27[+0.08,+0.45] +0.33[+0.14,+0.52] +0.29[+0.11,+0.46] +0.28[+0.12,+0.45] +0.17[+0.02,+0.31] +0.24[+0.07,+0.41] +0.33[+0.13,+0.52]
         stir1     correct | +0.13[-0.54,+0.95] -0.09[-0.93,+0.82] -0.22[-0.96,+0.51] +0.30[-0.35,+0.96] +0.13[-0.49,+0.76] +0.12[-0.54,+0.81] +0.17[-0.51,+0.83] +0.47[-0.29,+1.28] +0.60[-0.29,+1.44] +0.62[-0.10,+1.33] +0.49[-0.16,+1.19] +0.32[-0.40,+1.04] +0.31[-0.56,+1.21] +0.45[-0.51,+1.41]
         stir1    shortcut | +0.33[+0.01,+0.73] +0.32[+0.04,+0.63] +0.33[+0.06,+0.61] +0.16[-0.12,+0.42] +0.15[-0.14,+0.45] +0.11[-0.22,+0.41] +0.05[-0.25,+0.37] +0.25[-0.07,+0.59] +0.51[+0.16,+0.86] +0.40[+0.11,+0.68] +0.31[+0.03,+0.57] +0.12[-0.12,+0.38] +0.22[-0.10,+0.53] +0.24[-0.11,+0.62]
         stir1 other_wrong | -0.10[-0.53,+0.37] -0.30[-0.70,+0.05] -0.28[-0.72,+0.12] -0.17[-0.60,+0.24] -0.27[-0.80,+0.23] -0.37[-0.95,+0.26] -0.30[-0.86,+0.25] -0.06[-0.54,+0.45] -0.03[-0.58,+0.54] +0.01[-0.51,+0.54] -0.01[-0.48,+0.43] +0.01[-0.41,+0.43] +0.13[-0.40,+0.65] +0.17[-0.34,+0.76]
         stir2     correct | +0.20[-0.49,+0.90] +0.02[-0.54,+0.64] -0.45[-0.97,+0.05] +0.13[-0.57,+0.96] +0.07[-0.55,+0.78] +0.05[-0.48,+0.65] +0.12[-0.52,+0.79] +0.19[-0.54,+0.99] +0.35[-0.51,+1.33] +0.59[-0.21,+1.43] +0.31[-0.57,+1.22] +0.42[-0.30,+1.12] +0.30[-0.42,+1.07] +0.25[-0.57,+1.17]
         stir2    shortcut | +0.15[-0.18,+0.49] +0.16[-0.14,+0.46] +0.18[-0.11,+0.48] -0.02[-0.33,+0.26] +0.05[-0.27,+0.35] +0.07[-0.26,+0.39] +0.01[-0.31,+0.33] +0.10[-0.29,+0.46] +0.15[-0.21,+0.53] +0.03[-0.32,+0.38] -0.00[-0.31,+0.30] +0.03[-0.26,+0.35] +0.06[-0.27,+0.39] +0.11[-0.30,+0.50]
         stir2 other_wrong | -0.18[-0.69,+0.28] -0.12[-0.58,+0.36] -0.19[-0.72,+0.31] -0.13[-0.58,+0.29] -0.12[-0.54,+0.34] -0.17[-0.62,+0.29] -0.01[-0.45,+0.39] +0.01[-0.49,+0.52] +0.01[-0.52,+0.53] +0.06[-0.43,+0.52] -0.02[-0.47,+0.42] -0.22[-0.65,+0.27] -0.24[-0.78,+0.26] -0.04[-0.60,+0.60]
  question_end          h1 | -0.00[-0.17,+0.15] -0.15[-0.39,+0.07] -0.07[-0.20,+0.08] -0.02[-0.20,+0.16] +0.03[-0.17,+0.21] +0.05[-0.13,+0.22] +0.01[-0.13,+0.14] +0.09[-0.06,+0.23] +0.22[+0.11,+0.33] +0.25[+0.14,+0.35] +0.56[+0.47,+0.64] +2.52[+2.33,+2.71] +6.07[+5.66,+6.48] +13.31[+12.54,+14.03]
  question_end     correct | +0.57[+0.09,+1.06] -0.12[-1.17,+1.02] -0.25[-0.86,+0.31] +0.50[-0.08,+1.04] +0.40[-0.21,+0.97] -0.25[-1.07,+0.44] -0.12[-0.57,+0.33] -0.09[-0.64,+0.45] -0.23[-0.71,+0.27] +0.23[-0.24,+0.68] +0.18[-0.33,+0.68] +0.40[-0.46,+1.28] -1.12[-2.84,+0.66] -1.43[-5.27,+2.06]
  question_end    shortcut | +0.15[-0.08,+0.39] +0.14[-0.25,+0.51] +0.07[-0.16,+0.30] -0.26[-0.54,-0.01] -0.23[-0.50,+0.08] -0.15[-0.44,+0.15] -0.03[-0.18,+0.13] +0.11[-0.15,+0.37] +0.32[+0.12,+0.53] +0.37[+0.13,+0.61] +0.09[-0.18,+0.32] -0.08[-0.41,+0.23] +0.18[-0.68,+1.02] +0.77[-0.53,+2.12]
  question_end other_wrong | +0.20[-0.19,+0.57] +0.06[-0.56,+0.73] -0.12[-0.57,+0.32] +0.30[-0.27,+0.86] +0.20[-0.36,+0.81] +0.13[-0.41,+0.68] +0.06[-0.26,+0.36] -0.03[-0.37,+0.34] +0.15[-0.14,+0.44] +0.12[-0.21,+0.45] +0.17[-0.21,+0.51] +0.45[-0.42,+1.27] +0.49[-1.29,+2.03] +0.99[-1.61,+3.38]
         final          h1 | -0.03[-0.17,+0.13] -0.19[-0.50,+0.09] -0.02[-0.29,+0.23] -0.01[-0.22,+0.19] +0.07[-0.13,+0.27] +0.01[-0.15,+0.16] +0.01[-0.06,+0.07] +0.62[+0.47,+0.75] +1.62[+1.45,+1.77] +1.33[+1.17,+1.48] +0.90[+0.80,+0.99] +2.57[+2.38,+2.76] +5.61[+5.24,+5.96] +10.74[+10.08,+11.36]
         final     correct | -0.17[-0.75,+0.35] -0.55[-1.66,+0.57] -1.02[-2.14,+0.04] -0.02[-0.78,+0.76] -0.21[-0.98,+0.67] -0.46[-1.02,+0.23] -0.11[-0.31,+0.13] -0.12[-0.73,+0.41] -0.32[-1.02,+0.27] +0.46[+0.02,+0.89] +0.40[-0.15,+0.96] +0.26[-0.49,+0.99] +0.32[-0.88,+1.78] +0.59[-2.03,+3.12]
         final    shortcut | +0.13[-0.11,+0.34] +0.24[-0.19,+0.71] -0.15[-0.55,+0.27] -0.43[-0.74,-0.07] -0.43[-0.72,-0.09] -0.16[-0.41,+0.08] -0.04[-0.16,+0.07] +0.22[-0.07,+0.51] +0.25[-0.05,+0.53] +0.20[-0.01,+0.39] +0.08[-0.08,+0.24] +0.09[-0.17,+0.33] +1.12[+0.55,+1.71] +1.99[+1.22,+2.84]
         final other_wrong | +0.23[-0.25,+0.69] +0.05[-0.76,+0.93] +0.06[-0.71,+0.83] +0.14[-0.41,+0.68] +0.06[-0.49,+0.60] -0.06[-0.45,+0.34] -0.04[-0.20,+0.11] +0.01[-0.41,+0.44] +0.14[-0.24,+0.55] +0.09[-0.20,+0.40] +0.20[-0.09,+0.45] +1.05[+0.50,+1.66] +2.15[+1.09,+3.21] +4.56[+3.05,+5.97]

## r-lens: per-layer target minus decoy [95% CI], layers [8, 12, 16, 20, 24, 28, 32, 36, 40, 44, 48, 52, 56, 60]
         start          h1 | +0.04[-0.12,+0.19] +0.08[-0.08,+0.23] +0.06[-0.10,+0.21] +0.12[-0.06,+0.29] +0.10[-0.10,+0.33] +0.08[-0.11,+0.26] -0.03[-0.18,+0.12] -0.07[-0.23,+0.08] -0.11[-0.27,+0.05] -0.09[-0.23,+0.07] -0.05[-0.21,+0.11] -0.15[-0.33,+0.04] -0.28[-0.50,-0.06] -0.75[-1.09,-0.38]
         start     correct | +0.31[-0.49,+1.25] +0.06[-0.65,+0.82] -0.25[-0.78,+0.33] -0.24[-1.00,+0.66] -0.17[-1.22,+0.89] -0.29[-1.01,+0.44] +0.08[-0.51,+0.68] -0.06[-0.64,+0.60] +0.10[-0.56,+0.81] +0.17[-0.49,+0.85] -0.13[-0.81,+0.63] -0.34[-1.10,+0.47] -0.27[-0.96,+0.49] -0.24[-1.30,+0.69]
         start    shortcut | +0.05[-0.20,+0.32] +0.05[-0.19,+0.28] +0.01[-0.23,+0.24] +0.15[-0.13,+0.43] +0.21[-0.12,+0.51] +0.23[-0.03,+0.49] +0.07[-0.19,+0.32] -0.03[-0.31,+0.26] -0.10[-0.42,+0.17] -0.09[-0.34,+0.16] -0.16[-0.42,+0.12] -0.13[-0.49,+0.21] -0.09[-0.52,+0.31] -0.25[-0.80,+0.36]
         start other_wrong | -0.36[-0.87,+0.14] -0.38[-0.83,+0.08] -0.30[-0.70,+0.11] -0.35[-0.81,+0.12] -0.43[-1.00,+0.14] -0.33[-0.87,+0.16] -0.41[-0.75,-0.06] -0.45[-0.80,-0.09] -0.47[-0.86,-0.12] -0.30[-0.69,+0.07] -0.25[-0.68,+0.15] -0.34[-0.85,+0.15] -0.69[-1.31,-0.04] -1.31[-2.14,-0.47]
         stir1          h1 | -0.02[-0.18,+0.15] -0.01[-0.18,+0.14] -0.01[-0.18,+0.16] +0.02[-0.17,+0.21] +0.06[-0.18,+0.28] +0.06[-0.12,+0.25] +0.08[-0.12,+0.27] +0.32[+0.17,+0.49] +0.32[+0.13,+0.51] +0.29[+0.11,+0.50] +0.32[+0.13,+0.48] +0.18[+0.03,+0.35] +0.24[+0.08,+0.42] +0.32[+0.15,+0.50]
         stir1     correct | +0.16[-0.41,+0.81] +0.16[-0.47,+0.86] +0.10[-0.46,+0.75] +0.17[-0.45,+0.79] +0.10[-0.49,+0.70] +0.23[-0.41,+0.91] +0.39[-0.21,+0.96] +0.49[-0.13,+1.11] +0.74[-0.00,+1.43] +0.77[+0.05,+1.49] +0.66[-0.06,+1.44] +0.34[-0.38,+1.20] +0.39[-0.43,+1.30] +0.50[-0.39,+1.47]
         stir1    shortcut | +0.11[-0.14,+0.36] +0.09[-0.18,+0.37] +0.12[-0.15,+0.37] +0.21[-0.10,+0.53] +0.24[-0.07,+0.55] +0.11[-0.17,+0.41] +0.10[-0.20,+0.41] +0.32[+0.03,+0.60] +0.48[+0.18,+0.78] +0.36[+0.05,+0.66] +0.25[-0.04,+0.52] +0.13[-0.14,+0.40] +0.20[-0.11,+0.55] +0.23[-0.10,+0.57]
         stir1 other_wrong | -0.43[-0.88,+0.01] -0.51[-0.95,-0.04] -0.44[-0.89,-0.01] -0.49[-1.06,+0.10] -0.52[-1.07,+0.12] -0.51[-1.07,+0.07] -0.43[-0.99,+0.18] -0.13[-0.56,+0.32] -0.06[-0.62,+0.51] -0.04[-0.63,+0.50] -0.03[-0.59,+0.51] -0.08[-0.60,+0.38] +0.07[-0.43,+0.52] +0.14[-0.38,+0.68]
         stir2     correct | +0.36[-0.24,+1.05] +0.39[-0.30,+1.06] +0.03[-0.57,+0.71] +0.19[-0.51,+0.92] +0.16[-0.47,+0.81] +0.21[-0.33,+0.76] +0.41[-0.20,+1.02] +0.21[-0.28,+0.73] +0.50[-0.16,+1.29] +0.67[-0.15,+1.52] +0.41[-0.56,+1.28] +0.38[-0.34,+1.12] +0.38[-0.38,+1.13] +0.26[-0.61,+1.16]
         stir2    shortcut | +0.05[-0.22,+0.33] +0.09[-0.19,+0.37] +0.14[-0.12,+0.38] +0.17[-0.13,+0.48] +0.20[-0.13,+0.48] +0.19[-0.07,+0.44] +0.15[-0.13,+0.43] +0.20[-0.08,+0.48] +0.12[-0.20,+0.44] -0.02[-0.37,+0.30] -0.08[-0.38,+0.24] +0.04[-0.28,+0.34] +0.05[-0.28,+0.35] +0.10[-0.25,+0.48]
         stir2 other_wrong | -0.19[-0.63,+0.19] -0.21[-0.66,+0.23] -0.19[-0.60,+0.21] -0.33[-0.75,+0.12] -0.26[-0.70,+0.19] -0.19[-0.58,+0.17] +0.00[-0.36,+0.35] +0.02[-0.39,+0.43] +0.05[-0.39,+0.49] +0.07[-0.37,+0.50] -0.02[-0.55,+0.45] -0.32[-0.80,+0.18] -0.30[-0.80,+0.20] -0.07[-0.66,+0.49]
  question_end          h1 | +0.01[-0.07,+0.09] -0.00[-0.09,+0.09] +0.00[-0.09,+0.09] +0.01[-0.09,+0.13] +0.02[-0.10,+0.16] +0.01[-0.09,+0.10] +0.01[-0.08,+0.09] +0.12[-0.01,+0.25] +0.28[+0.19,+0.38] +0.28[+0.18,+0.38] +0.64[+0.53,+0.74] +2.59[+2.39,+2.80] +5.94[+5.56,+6.32] +12.78[+12.02,+13.47]
  question_end     correct | +0.17[-0.12,+0.43] +0.05[-0.30,+0.38] -0.06[-0.44,+0.28] -0.10[-0.53,+0.31] -0.00[-0.29,+0.25] -0.15[-0.38,+0.07] -0.04[-0.24,+0.16] -0.07[-0.47,+0.32] -0.32[-0.73,+0.11] +0.19[-0.23,+0.65] +0.11[-0.49,+0.72] +0.35[-0.45,+1.21] -1.10[-2.92,+0.52] -1.27[-4.86,+1.87]
  question_end    shortcut | -0.08[-0.20,+0.06] -0.07[-0.24,+0.08] -0.05[-0.20,+0.12] -0.07[-0.28,+0.14] +0.05[-0.15,+0.24] +0.10[-0.04,+0.25] +0.10[-0.01,+0.21] +0.22[+0.01,+0.43] +0.29[+0.10,+0.48] +0.27[+0.07,+0.48] -0.02[-0.29,+0.24] -0.07[-0.40,+0.27] +0.14[-0.74,+0.95] +0.71[-0.58,+2.06]
  question_end other_wrong | -0.02[-0.23,+0.20] +0.01[-0.28,+0.29] -0.09[-0.37,+0.17] +0.01[-0.33,+0.41] -0.11[-0.45,+0.23] -0.05[-0.31,+0.18] -0.10[-0.25,+0.07] -0.10[-0.38,+0.18] +0.11[-0.12,+0.33] +0.06[-0.23,+0.37] +0.21[-0.19,+0.60] +0.36[-0.48,+1.12] +0.43[-1.16,+2.00] +0.96[-1.45,+3.64]
         final          h1 | +0.01[-0.15,+0.16] -0.03[-0.16,+0.10] +0.01[-0.12,+0.14] +0.01[-0.13,+0.15] +0.05[-0.10,+0.18] +0.01[-0.10,+0.11] -0.02[-0.11,+0.07] +0.71[+0.58,+0.82] +1.59[+1.45,+1.75] +1.22[+1.08,+1.36] +0.90[+0.80,+1.01] +2.51[+2.31,+2.70] +5.25[+4.92,+5.59] +10.19[+9.54,+10.79]
         final     correct | -0.14[-0.88,+0.58] -0.15[-0.71,+0.39] -0.24[-0.80,+0.36] -0.13[-0.78,+0.48] -0.09[-0.71,+0.53] -0.16[-0.61,+0.23] +0.03[-0.44,+0.53] -0.01[-0.51,+0.50] -0.20[-0.75,+0.32] +0.48[+0.02,+0.87] +0.41[-0.15,+0.96] +0.24[-0.36,+0.85] +0.28[-0.82,+1.45] +0.69[-1.84,+2.91]
         final    shortcut | -0.21[-0.46,+0.05] -0.12[-0.33,+0.08] -0.19[-0.39,+0.01] -0.05[-0.30,+0.19] -0.01[-0.22,+0.19] +0.04[-0.11,+0.20] +0.12[-0.05,+0.29] +0.30[+0.08,+0.53] +0.21[-0.04,+0.42] +0.15[-0.03,+0.33] -0.02[-0.17,+0.15] +0.08[-0.16,+0.33] +0.95[+0.47,+1.46] +1.83[+1.12,+2.59]
         final other_wrong | -0.04[-0.44,+0.38] -0.05[-0.43,+0.32] -0.02[-0.37,+0.33] -0.16[-0.52,+0.19] -0.24[-0.59,+0.14] -0.22[-0.51,+0.05] -0.26[-0.58,+0.05] -0.09[-0.47,+0.27] +0.11[-0.24,+0.44] +0.02[-0.30,+0.35] +0.14[-0.14,+0.42] +0.88[+0.38,+1.40] +1.85[+0.85,+2.78] +4.26[+2.91,+5.63]

## jpp: per-layer target minus decoy [95% CI], layers [8, 12, 16, 20, 24, 28, 32, 36, 40, 44, 48, 52, 56, 60]
         start          h1 | -0.28[-0.66,+0.08] -0.08[-0.32,+0.18] -0.09[-0.30,+0.13] -0.02[-0.28,+0.24] -0.03[-0.36,+0.33] -0.02[-0.23,+0.20] -0.15[-0.32,+0.01] -0.09[-0.26,+0.09] -0.20[-0.48,+0.07] -0.16[-0.42,+0.09] -0.15[-0.35,+0.04] -0.33[-0.57,-0.08] -0.46[-0.78,-0.12] -1.03[-1.49,-0.54]
         start     correct | -0.12[-1.73,+1.42] -0.04[-1.33,+1.11] -0.04[-1.06,+1.05] +0.28[-0.69,+1.33] +0.19[-1.20,+1.72] -0.47[-1.41,+0.54] -0.14[-0.96,+0.56] -0.46[-1.11,+0.17] -0.02[-1.04,+1.00] +0.08[-0.88,+0.95] -0.46[-1.18,+0.22] -0.92[-1.82,+0.08] -0.75[-1.62,+0.15] -0.76[-2.27,+0.52]
         start    shortcut | +0.39[-0.17,+0.96] +0.13[-0.26,+0.53] +0.09[-0.22,+0.41] +0.19[-0.19,+0.57] +0.24[-0.24,+0.68] +0.21[-0.11,+0.51] +0.10[-0.17,+0.36] +0.02[-0.30,+0.33] -0.20[-0.64,+0.24] -0.13[-0.54,+0.23] -0.10[-0.41,+0.22] +0.06[-0.38,+0.54] +0.12[-0.43,+0.69] +0.22[-0.48,+0.86]
         start other_wrong | -0.42[-1.32,+0.55] -0.43[-1.04,+0.23] -0.45[-0.97,+0.08] -0.22[-0.95,+0.49] -0.42[-1.37,+0.55] -0.36[-0.88,+0.21] -0.58[-1.00,-0.17] -0.64[-1.10,-0.22] -0.71[-1.30,-0.13] -0.54[-1.14,+0.14] -0.41[-0.91,+0.06] -0.54[-1.22,+0.12] -0.98[-1.84,-0.12] -1.85[-2.79,-0.95]
         stir1          h1 | -0.01[-0.43,+0.46] +0.04[-0.27,+0.33] -0.01[-0.32,+0.30] -0.13[-0.53,+0.25] -0.01[-0.40,+0.42] +0.09[-0.21,+0.37] +0.11[-0.14,+0.36] +0.44[+0.19,+0.69] +0.56[+0.22,+0.89] +0.36[+0.10,+0.63] +0.47[+0.19,+0.72] +0.23[-0.02,+0.46] +0.35[+0.09,+0.66] +0.40[+0.15,+0.64]
         stir1     correct | +1.11[-0.35,+2.73] +1.08[+0.12,+2.06] +1.06[+0.23,+2.00] +1.16[-0.21,+2.77] +0.73[-0.59,+2.11] +0.55[-0.30,+1.37] +0.65[-0.05,+1.36] +0.72[-0.00,+1.48] +0.93[-0.23,+2.11] +0.86[-0.12,+1.79] +0.75[-0.20,+1.70] +0.77[-0.09,+1.72] +0.84[-0.18,+1.85] +0.82[-0.50,+2.07]
         stir1    shortcut | +0.15[-0.55,+0.87] -0.27[-0.78,+0.25] -0.23[-0.75,+0.26] +0.07[-0.71,+0.74] +0.22[-0.47,+0.94] -0.10[-0.57,+0.40] +0.01[-0.36,+0.42] +0.21[-0.21,+0.58] +0.44[-0.11,+0.97] +0.30[-0.15,+0.76] +0.30[-0.13,+0.76] +0.12[-0.29,+0.55] +0.33[-0.15,+0.81] +0.53[+0.13,+0.93]
         stir1 other_wrong | -0.39[-1.87,+0.94] -0.71[-1.67,+0.22] -0.65[-1.59,+0.24] -0.53[-1.74,+0.55] -0.39[-1.58,+0.69] -0.74[-1.66,+0.15] -0.64[-1.37,+0.04] -0.30[-1.01,+0.33] -0.07[-1.14,+0.83] -0.22[-1.02,+0.68] -0.16[-0.92,+0.60] -0.24[-0.89,+0.42] -0.07[-0.86,+0.61] -0.06[-0.63,+0.53]
         stir2     correct | +1.16[-0.42,+2.60] +0.93[-0.19,+2.03] +0.79[-0.25,+1.82] +1.29[-0.22,+2.68] +0.77[-0.73,+2.16] +0.49[-0.30,+1.31] +0.68[-0.07,+1.51] +0.49[-0.09,+1.08] +0.56[-0.61,+1.59] +0.68[-0.30,+1.64] +0.41[-0.48,+1.32] +0.66[-0.47,+1.77] +0.67[-0.39,+1.81] +0.58[-0.69,+2.11]
         stir2    shortcut | -0.08[-0.72,+0.55] -0.18[-0.65,+0.29] -0.07[-0.52,+0.38] +0.23[-0.29,+0.76] +0.28[-0.30,+0.87] +0.10[-0.29,+0.51] +0.12[-0.25,+0.47] +0.09[-0.27,+0.48] -0.01[-0.49,+0.49] -0.08[-0.48,+0.32] -0.08[-0.46,+0.28] +0.10[-0.33,+0.61] +0.06[-0.35,+0.49] +0.26[-0.21,+0.72]
         stir2 other_wrong | -0.73[-1.76,+0.27] -0.33[-1.09,+0.41] -0.31[-0.98,+0.43] -0.53[-1.39,+0.31] -0.31[-1.17,+0.51] -0.25[-0.92,+0.34] -0.10[-0.62,+0.48] -0.01[-0.61,+0.60] +0.09[-0.67,+0.84] -0.10[-0.64,+0.45] -0.07[-0.67,+0.46] -0.34[-1.06,+0.36] -0.34[-0.97,+0.30] -0.25[-0.96,+0.57]
  question_end          h1 | -0.02[-0.29,+0.23] +0.02[-0.23,+0.27] +0.00[-0.25,+0.25] +0.04[-0.10,+0.21] -0.00[-0.11,+0.12] -0.01[-0.18,+0.17] +0.02[-0.09,+0.14] +0.15[+0.02,+0.29] +0.27[+0.12,+0.42] +0.23[+0.06,+0.42] +0.80[+0.67,+0.93] +3.28[+3.01,+3.57] +8.29[+7.79,+8.86] +15.87[+14.94,+16.82]
  question_end     correct | +0.74[-0.44,+1.86] +0.88[-0.02,+1.76] +0.87[-0.10,+1.81] +0.71[+0.16,+1.29] +0.46[+0.05,+0.86] +0.41[-0.16,+1.01] +0.38[-0.13,+0.81] +0.39[-0.10,+0.90] -0.38[-0.91,+0.16] +0.05[-0.62,+0.70] -0.15[-0.98,+0.69] +0.72[-0.49,+2.00] -1.52[-4.13,+1.09] -2.12[-6.63,+2.06]
  question_end    shortcut | -0.29[-0.74,+0.16] -0.54[-1.01,-0.08] -0.44[-0.84,-0.01] -0.40[-0.70,-0.14] -0.04[-0.22,+0.15] -0.16[-0.43,+0.14] -0.09[-0.30,+0.10] +0.02[-0.21,+0.24] +0.21[-0.04,+0.43] +0.27[-0.00,+0.55] +0.12[-0.24,+0.48] +0.11[-0.38,+0.59] +0.21[-0.79,+1.36] +1.15[-0.55,+2.69]
  question_end other_wrong | +0.09[-0.47,+0.66] -0.10[-0.81,+0.56] -0.20[-0.83,+0.42] -0.01[-0.46,+0.46] -0.06[-0.30,+0.17] -0.03[-0.44,+0.40] -0.19[-0.48,+0.14] -0.09[-0.44,+0.25] -0.01[-0.36,+0.38] -0.07[-0.49,+0.37] +0.15[-0.45,+0.67] +0.57[-0.72,+1.84] +0.86[-1.29,+3.17] +1.45[-1.66,+4.40]
         final          h1 | -0.11[-0.40,+0.20] -0.07[-0.42,+0.27] -0.07[-0.37,+0.25] -0.05[-0.18,+0.09] -0.00[-0.15,+0.15] -0.08[-0.27,+0.11] -0.08[-0.25,+0.08] +1.08[+0.90,+1.27] +2.19[+1.91,+2.46] +1.39[+1.18,+1.63] +1.19[+1.00,+1.38] +2.68[+2.47,+2.89] +7.67[+7.22,+8.14] +12.13[+11.33,+13.00]
         final     correct | +0.34[-0.86,+1.53] +0.38[-1.02,+1.64] +0.35[-0.86,+1.57] +0.55[+0.05,+0.96] +0.18[-0.43,+0.76] -0.01[-0.77,+0.81] +0.18[-0.72,+1.01] +0.29[-0.59,+1.24] -0.12[-0.71,+0.46] +0.31[-0.27,+0.88] +0.32[-0.46,+1.11] +0.43[-0.56,+1.36] +0.36[-1.03,+1.61] +0.42[-2.85,+3.71]
         final    shortcut | -0.47[-0.92,+0.03] -0.51[-1.12,+0.11] -0.48[-1.04,+0.04] -0.00[-0.23,+0.23] +0.05[-0.19,+0.27] +0.02[-0.33,+0.34] +0.19[-0.09,+0.48] +0.18[-0.13,+0.48] +0.01[-0.19,+0.22] +0.14[-0.09,+0.36] +0.00[-0.27,+0.28] +0.17[-0.11,+0.46] +1.28[+0.70,+1.90] +2.52[+1.59,+3.45]
         final other_wrong | +0.14[-0.68,+0.95] -0.19[-1.13,+0.67] -0.03[-0.93,+0.77] +0.17[-0.24,+0.54] -0.16[-0.49,+0.19] -0.25[-0.72,+0.23] -0.33[-0.79,+0.17] -0.07[-0.51,+0.39] -0.05[-0.34,+0.24] -0.11[-0.43,+0.22] +0.03[-0.35,+0.44] +1.04[+0.29,+1.73] +2.56[+1.32,+3.83] +5.22[+3.48,+7.02]

## primary cells: shortcut s1 minus decoy and the h=1 guard, band means, Bonferroni 98.75% CIs; readings for J++ only (J-lens, R-lens shown for comparison)
  (stir1, early) j-lens: shortcut +0.32[-0.01,+0.63]  h1 guard -0.06[-0.30,+0.17]  column-order split: s1 column first +0.72 (n=50), decoy column first -0.04 (n=57)
  (stir1, early) r-lens: shortcut +0.13[-0.21,+0.46]  h1 guard -0.01[-0.22,+0.20]  column-order split: s1 column first +0.27 (n=50), decoy column first +0.01 (n=57)
  (stir1, early)    jpp: shortcut -0.18[-0.89,+0.55]  h1 guard +0.00[-0.42,+0.41]  column-order split: s1 column first -0.04 (n=50), decoy column first -0.29 (n=57)  -> no_reading (the h=1 control is not readable)
  (stir1, mid) j-lens: shortcut +0.24[-0.10,+0.58]  h1 guard +0.20[+0.00,+0.40]  column-order split: s1 column first +0.51 (n=50), decoy column first +0.00 (n=57)
  (stir1, mid) r-lens: shortcut +0.25[-0.07,+0.57]  h1 guard +0.21[+0.01,+0.42]  column-order split: s1 column first +0.42 (n=50), decoy column first +0.11 (n=57)
  (stir1, mid)    jpp: shortcut +0.19[-0.32,+0.73]  h1 guard +0.30[-0.04,+0.59]  column-order split: s1 column first +0.27 (n=50), decoy column first +0.11 (n=57)  -> no_reading (the h=1 control is not readable)
  (final, early) j-lens: shortcut -0.01[-0.48,+0.38]  h1 guard -0.11[-0.36,+0.18]  column-order split: s1 column first +0.09 (n=50), decoy column first -0.10 (n=57)
  (final, early) r-lens: shortcut -0.15[-0.44,+0.12]  h1 guard -0.00[-0.17,+0.16]  column-order split: s1 column first -0.19 (n=50), decoy column first -0.12 (n=57)
  (final, early)    jpp: shortcut -0.42[-1.04,+0.28]  h1 guard -0.06[-0.45,+0.29]  column-order split: s1 column first -0.48 (n=50), decoy column first -0.36 (n=57)  -> no_reading (the h=1 control is not readable)
  (final, mid) j-lens: shortcut +0.05[-0.06,+0.18]  h1 guard +0.78[+0.68,+0.88]  column-order split: s1 column first +0.08 (n=50), decoy column first +0.02 (n=57)
  (final, mid) r-lens: shortcut +0.11[-0.03,+0.27]  h1 guard +0.77[+0.67,+0.89]  column-order split: s1 column first +0.11 (n=50), decoy column first +0.12 (n=57)
  (final, mid)    jpp: shortcut +0.10[-0.15,+0.34]  h1 guard +0.96[+0.77,+1.16]  column-order split: s1 column first +0.07 (n=50), decoy column first +0.12 (n=57)  -> absent (CI upper end = 0.35 of the h=1 control)

## onset of the h=1 control (first grid layer with the 95% CI above 0 there and at the next grid layer)
  j-lens  stir1: 36
  j-lens  final: 36
  r-lens  stir1: 36
  r-lens  final: 36
     jpp  stir1: 36
     jpp  final: 36
  J++ reads earlier at the final position: no
